function [ N, Nprime ] = FRANS_B4L_ShapeFunctions( xx )
%B4L_ Summary of this function goes here
%   Detailed explanation goes here

%Shape function matrices
%%%%%%%%%%%%%%%%%
N=[eye(6)*(-0.5625*xx^3+0.5625*xx^2+0.0625*xx-0.0625)...
    eye(6)*(1.6875*xx^3-0.5625*xx^2-1.6875*xx+0.5625)...
    eye(6)*(-1.6875*xx^3-0.5625*xx^2+1.6875*xx+0.5625)...
    eye(6)*(0.5625*xx^3+0.5625*xx^2-0.0625*xx-0.0625)];

Nprime=[eye(6)*(-0.5625*xx^2*3 +0.5625*xx^1*2 +0.0625)...
    eye(6)*(1.6875*xx^2*3  -0.5625*xx^1*2 -1.6875)...
    eye(6)*(-1.6875*xx^2*3 -0.5625*xx^1*2 +1.6875)...
    eye(6)*(0.5625*xx^2*3  +0.5625*xx^1*2 -0.0625)];

end

