function [ GQ ] = FRANS_GaussQuad
%********************************************************
% File: BECAS_GaussQuad.m
%   Function holding the position of the Gauss points and
%   respective weight for use with Gaussian quadrature
%
% Syntax:
%   [ GQ ] = BECAS_GaussQuad

% Input:
%
% Output:
%   GQ  =  Array holding position of Gauss points and respective weights
%
% Calls:
%
% Revisions:
%   Version 1.0    07.02.2012   JosÈ Pedro Blasques
%
% (c) DTU Wind Energy
%********************************************************

%Gaussian quadrature points
GQ(1,1,1)=1.0000000;
GQ(2,1,1)=1.0000000;
GQ(1,2,1)=-0.577350269;
GQ(2,2,1)=0.577350269;

GQ(1,1,2)=0.5555555555555555555555555555;
GQ(2,1,2)=0.8888888888888888888888888;
GQ(3,1,2)=0.5555555;
GQ(1,2,2)=-0.774596669;
GQ(2,2,2)=0.000000000;
GQ(3,2,2)=0.774596669;

GQ(1,1,3)=0.347854845;
GQ(2,1,3)=0.652145155;
GQ(3,1,3)=0.652145155;
GQ(4,1,3)=0.347854845;
GQ(1,2,3)=-0.861136312;
GQ(2,2,3)=-0.339981044;
GQ(3,2,3)=0.339981044;
GQ(4,2,3)=0.861136312;

GQ(1,1,4)=1.D0/900.D0 * (322.D0-13.D0*sqrt(70.D0));
GQ(2,1,4)=1.D0/900.D0 * (322.D0+13.D0*sqrt(70.D0));
GQ(3,1,4)=128.D0/225.D0;
GQ(4,1,4)=1.D0/900.D0 * (322.D0+13.D0*sqrt(70.D0));
GQ(5,1,4)=1.D0/900.D0 * (322.D0-13.D0*sqrt(70.D0));

GQ(1,2,4)=-1.D0/21.D0*sqrt(245.D0+14.D0*sqrt(70.D0));
GQ(2,2,4)=-1.D0/21.D0*sqrt(245.D0-14.D0*sqrt(70.D0));
GQ(3,2,4)=0.000000000D0;
GQ(4,2,4)=1.D0/21.D0*sqrt(245.D0-14.D0*sqrt(70.D0));
GQ(5,2,4)=1.D0/21.D0*sqrt(245.D0+14.D0*sqrt(70.D0));

GQ(1,1,5)=0.1713244923791703450402961D0;
GQ(2,1,5)=0.3607615730481386075698335D0;
GQ(3,1,5)=0.4679139345726910473898703D0;
GQ(4,1,5)=0.4679139345726910473898703D0;
GQ(5,1,5)=0.3607615730481386075698335D0;
GQ(6,1,5)=0.1713244923791703450402961D0;

GQ(1,2,5)=-0.9324695142031520278123016D0;
GQ(2,2,5)=-0.6612093864662645136613996D0;
GQ(3,2,5)=-0.2386191860831969086305017D0;
GQ(4,2,5)=0.2386191860831969086305017D0;
GQ(5,2,5)=0.6612093864662645136613996D0;
GQ(6,2,5)=0.9324695142031520278123016D0;

GQ(1,1,6)=0.1294849661688696932706114D0;
GQ(2,1,6)=0.2797053914892766679014678D0;
GQ(3,1,6)=0.3818300505051189449503698D0;
GQ(4,1,6)=0.4179591836734693877551020D0;
GQ(5,1,6)=0.3818300505051189449503698D0;
GQ(6,1,6)=0.2797053914892766679014678D0;
GQ(7,1,6)=0.1294849661688696932706114D0;

GQ(1,2,6)=-0.9491079123427585245261897D0;
GQ(2,2,6)=-0.7415311855993944398638648D0;
GQ(3,2,6)=-0.4058451513773971669066064D0;
GQ(4,2,6)=0.0D0;
GQ(5,2,6)=0.4058451513773971669066064D0;
GQ(6,2,6)=0.7415311855993944398638648D0;
GQ(7,2,6)=0.9491079123427585245261897D0;

GQ(1,1,7)=0.10122854;
GQ(2,1,7)=0.22238103;
GQ(3,1,7)=0.3137066458778872873379622;
GQ(4,1,7)=0.3626837833783619829651504;
GQ(5,1,7)=0.3626837833783619829651504;
GQ(6,1,7)=0.3137066458778872873379622;
GQ(7,1,7)=0.22238103;
GQ(8,1,7)=0.10122854;

GQ(1,2,7)=-0.9602898564975362316835609;
GQ(2,2,7)=-0.7966664774136267395915539;
GQ(3,2,7)=-0.5255324099163289858177390;
GQ(4,2,7)=-0.1834346424956498049394761;
GQ(5,2,7)=0.1834346424956498049394761;
GQ(6,2,7)=0.5255324099163289858177390;
GQ(7,2,7)=0.7966664774136267395915539;
GQ(8,2,7)=0.9602898564975362316835609;


GQ(1,1,8)=0.0812743883615744119718922;
GQ(2,1,8)=0.1806481606948574040584720;
GQ(3,1,8)=0.2606106964029354623187429;
GQ(4,1,8)=0.3123470770400028400686304;
GQ(5,1,8)=0.3302393550012597631645251;
GQ(6,1,8)=0.3123470770400028400686304;
GQ(7,1,8)=0.2606106964029354623187429;
GQ(8,1,8)=0.1806481606948574040584720;
GQ(9,1,8)=0.0812743883615744119718922;

GQ(1,2,8)=-0.9681602395076260898355762;
GQ(2,2,8)=-0.8360311073266357942994298;
GQ(3,2,8)=-0.6133714327005903973087020;
GQ(4,2,8)=-0.3242534234038089290385380;
GQ(5,2,8)=0.0;
GQ(6,2,8)=0.3242534234038089290385380;
GQ(7,2,8)=0.6133714327005903973087020;
GQ(8,2,8)=0.8360311073266357942994298;
GQ(9,2,8)=0.9681602395076260898355762;


GQ(1,1,9)=0.0666713443086881375935688;
GQ(2,1,9)=0.1494513491505805931457763;
GQ(3,1,9)=0.2190863625159820439955349;
GQ(4,1,9)=0.2692667193099963550912269;
GQ(5,1,9)=0.2955242247147528701738930;
GQ(6,1,9)=0.2955242247147528701738930;
GQ(7,1,9)=0.2692667193099963550912269;
GQ(8,1,9)=0.2190863625159820439955349;
GQ(9,1,9)=0.1494513491505805931457763;
GQ(10,1,9)=0.0666713443086881375935688;

GQ(1,2,9)=-0.9739065285171717200779640;
GQ(2,2,9)=-0.8650633666889845107320967;
GQ(3,2,9)=-0.6794095682990244062343274;
GQ(4,2,9)=-0.4333953941292471907992659;
GQ(5,2,9)=-0.1488743389816312108848260;
GQ(6,2,9)=0.1488743389816312108848260;
GQ(7,2,9)=0.4333953941292471907992659;
GQ(8,2,9)=0.6794095682990244062343274;
GQ(9,2,9)=0.8650633666889845107320967;
GQ(10,2,9)=0.973906528517171720077964;

GQ(1,1,10)=	0.055668567116174;
GQ(2,1,10)=	0.125580369464904;
GQ(3,1,10)=	0.186290210927734;
GQ(4,1,10)=	0.233193764591990;
GQ(5,1,10)=	0.262804544510246;
GQ(6,1,10)=	0.272925086777900;
GQ(7,1,10)=	0.262804544510246;
GQ(8,1,10)=	0.233193764591990;
GQ(9,1,10)=	0.186290210927734;
GQ(10,1,10)=0.125580369464904;
GQ(11,1,10)=0.055668567116174;

GQ(1,2,10)=	-0.978228658146056;
GQ(2,2,10)=	-0.887062599768095;
GQ(3,2,10)=	-0.730152005574049;
GQ(4,2,10)=	-0.519096129206811;
GQ(5,2,10)=	-0.269543155952344;
GQ(6,2,10)=	0.000000000000000;
GQ(7,2,10)=	0.269543155952344;
GQ(8,2,10)=	0.519096129206811;
GQ(9,2,10)=	0.730152005574049;
GQ(10,2,10)=0.887062599768095;
GQ(11,2,10)=0.978228658146056;


GQ(1,1,11)=	0.047175336386512;
GQ(2,1,11)=	0.106939325995318;
GQ(3,1,11)=	0.160078328543346;
GQ(4,1,11)=	0.203167426723065;
GQ(5,1,11)=	0.233492536538354;
GQ(6,1,11)=	0.249147045813402;
GQ(7,1,11)=	0.249147045813402;
GQ(8,1,11)=	0.233492536538354;
GQ(9,1,11)=	0.203167426723065;
GQ(10,1,11)=0.160078328543346;
GQ(11,1,11)=0.106939325995318;
GQ(12,1,11)=0.047175336386512;

GQ(1,2,11)=	-0.981560634246719;
GQ(2,2,11)=	-0.904117256370474;
GQ(3,2,11)=	-0.769902674194304;
GQ(4,2,11)=	-0.587317954286617;
GQ(5,2,11)=	-0.367831498998180;
GQ(6,2,11)=	-0.125233408511468;
GQ(7,2,11)=	0.125233408511468;
GQ(8,2,11)=	0.367831498998180;
GQ(9,2,11)=	0.587317954286617;
GQ(10,2,11)=0.769902674194304;
GQ(11,2,11)=0.904117256370474;
GQ(12,2,11)=0.981560634246719;

end
