
 The 6X6 Mass Matrix
 ========================================================

     2.0920000000E-01    0.0000000000E+00    0.0000000000E+00    0.0000000000E+00    9.2157184661E-19    5.7500000000E-04
     0.0000000000E+00    2.0920000000E-01    0.0000000000E+00   -9.2157184661E-19    0.0000000000E+00    0.0000000000E+00
     0.0000000000E+00    0.0000000000E+00    2.0920000000E-01   -5.7500000000E-04    0.0000000000E+00    0.0000000000E+00
     0.0000000000E+00   -9.2157184661E-19   -5.7500000000E-04    2.0859831667E-02    0.0000000000E+00    0.0000000000E+00
     9.2157184661E-19    0.0000000000E+00    0.0000000000E+00    0.0000000000E+00    2.9222233333E-03   -2.7105054312E-19
     5.7500000000E-04    0.0000000000E+00    0.0000000000E+00    0.0000000000E+00   -2.7105054312E-19    1.7937608333E-02

 The Mass Center of the Cross Section
 ========================================================

  Xm2 =   -2.7485659656E-03
  Xm3 =    4.4052191521E-18

 The 6X6 Mass Matrix at the Mass Center
 ========================================================

   2.092000000000E-01  0.000000000000E+00  0.000000000000E+00  0.000000000000E+00  0.000000000000E+00  0.000000000000E+00
   0.000000000000E+00  2.092000000000E-01  0.000000000000E+00  0.000000000000E+00  0.000000000000E+00  0.000000000000E+00
   0.000000000000E+00  0.000000000000E+00  2.092000000000E-01  0.000000000000E+00  0.000000000000E+00  0.000000000000E+00
   0.000000000000E+00  0.000000000000E+00  0.000000000000E+00  2.085825124124E-02  0.000000000000E+00  0.000000000000E+00
   0.000000000000E+00  0.000000000000E+00  0.000000000000E+00  0.000000000000E+00  2.922223333333E-03 -2.735835441338E-19
   0.000000000000E+00  0.000000000000E+00  0.000000000000E+00  0.000000000000E+00 -2.735835441338E-19  1.793602790790E-02

 The Mass Properties with respect to Principal Inertial Axes
 ========================================================

 Mass Per Unit Span                     =    2.0920000000E-01
 Mass Moments of Intertia about x1 axis =    2.0858251241E-02
 Mass Moments of Intertia about x2 axis =    2.9222233333E-03
 Mass Moments of Intertia about x3 axis =    1.7936027908E-02
 The user coordinate axes are the principal inertial axes.
 The mass-weighted radius of gyration   =    3.1576072246E-01

 The Geometric Center of the Cross Section
 ========================================================

  Xg2 =   -1.9691780822E-02
  Xg3 =    1.8100978051E-17

 Classical Stiffness Matrix (1-extension; 2-twist; 3,4-bending)
 ========================================================

     3.9664672324E+00   -3.0399023142E-14   -1.1196752347E-14    5.7732349646E-02
    -3.0399023142E-14    7.6629747717E-02    1.8127890599E-02    5.3259060031E-15
    -1.1196752347E-14    1.8127890599E-02    5.2241865587E-02    2.4167052772E-15
     5.7732349646E-02    5.3259060031E-15    2.4167052772E-15    3.8130894451E-01

 Classical Flexibility Matrix (1-extension; 2-twist; 3,4-bending)
 ========================================================

     2.5267033218E-01    9.7682196638E-14    2.2027693152E-14   -3.8255729829E-02
     9.7682196638E-14    1.4216786747E+01   -4.9332149977E+00   -1.8209529803E-13
     2.2027693152E-14   -4.9332149977E+00    2.0853558148E+01   -6.6598949493E-14
    -3.8255729829E-02   -1.8209529803E-13   -6.6598949493E-14    2.6283374875E+00

 The Neutral Axes (or Tension Center) of the Cross Section
 ========================================================

  Xt2 =   -1.4555105655E-02
  Xt3 =   -1.0098199193E-15

 Timoshenko Stiffness Matrix (1-extension; 2,3-shear, 4-twist; 5,6-bending)
 ========================================================

     4.3675242044E+00   -8.4752026231E-01    7.1044333006E-14   -5.2930763597E-15    1.1437318051E-14    5.6430872759E-02
    -8.4752026231E-01    1.7909939114E+00   -1.3349762005E-13   -5.3825647927E-14   -4.7992426969E-14    2.7503025990E-03
     7.1044333006E-14   -1.3349762005E-13    3.2169304994E-01   -1.4916992891E-02   -3.1277502455E-03   -2.6938559731E-15
    -5.2930763597E-15   -5.3825647927E-14   -1.4916992891E-02    7.7321452673E-02    1.8272925216E-02    5.3586585510E-15
     1.1437318051E-14   -4.7992426969E-14   -3.1277502455E-03    1.8272925216E-02    5.2272276010E-02    2.3672052711E-15
     5.6430872759E-02    2.7503025990E-03   -2.6938559731E-15    5.3586585510E-15    2.3672052711E-15    3.8131316795E-01

 Timoshenko Flexibility Matrix (1-extension; 2,3-shear, 4-twist; 5,6-bending)
 ========================================================

     2.5267033218E-01    1.1962544355E-01   -1.7349360834E-15    9.7682196638E-14    2.2027693152E-14   -3.8255729829E-02
     1.1962544355E-01    6.1499141336E-01    2.5063462703E-13    3.8713842753E-13    4.1913069428E-13   -2.2139231937E-02
    -1.7349360834E-15    2.5063462703E-13    3.1366453633E+00    6.1127165310E-01   -2.5999975563E-02    1.2179503194E-14
     9.7682196638E-14    3.8713842753E-13    6.1127165310E-01    1.4216786747E+01   -4.9332149977E+00   -1.8209529803E-13
     2.2027693152E-14    4.1913069428E-13   -2.5999975563E-02   -4.9332149977E+00    2.0853558148E+01   -6.6598949493E-14
    -3.8255729829E-02   -2.2139231937E-02    1.2179503194E-14   -1.8209529803E-13   -6.6598949493E-14    2.6283374875E+00

 The Generalized Shear Center of the Cross Section in the User Coordinate System
 ========================================================

  Xs2 =   -4.2996470579E-02
  Xs3 =    2.7231077910E-14
